
packets_injected = 92592                      
packets_received = 85053                      
average_packet_latency = 1157.592172                      
flits_injected = 133352                      
flits_received = 121673                      
average_flit_latency = 1929.868697                      
